,Z,Bz
605836,-9929.0,0.160789189539
605837,-9904.0,0.16442659675899998
605838,-9879.0,0.168176558679
605839,-9854.0,0.17204344705
605840,-9829.0,0.17603183483399998
605841,-9804.0,0.180146506679
605842,-9779.0,0.184392469976
605843,-9754.0,0.18877496655
605844,-9729.0,0.193299484991
605845,-9704.0,0.197971773689
605846,-9679.0,0.202797854598
605847,-9654.0,0.20778403776700002
605848,-9629.0,0.212936936693
605849,-9604.0,0.21826348451900002
605850,-9579.0,0.22377095114
605851,-9554.0,0.22946696125500002
605852,-9529.0,0.235359513415
605853,-9504.0,0.24145700010600002
605854,-9479.0,0.24776822893800002
605855,-9454.0,0.254302444967
605856,-9429.0,0.26106935421
605857,-9404.0,0.268079148407
605858,-9379.0,0.275342531071
605859,-9354.0,0.28287074487799996
605860,-9329.0,0.290675600438
605861,-9304.0,0.29876950649
605862,-9279.0,0.307165501562
605863,-9254.0,0.31587728711199997
605864,-9229.0,0.32491926218600004
605865,-9204.0,0.334306559605
605866,-9179.0,0.34405508366
605867,-9154.0,0.35418154932999996
605868,-9129.0,0.36470352295999997
605869,-9104.0,0.37563946436499995
605870,-9079.0,0.38700877025700003
605871,-9054.0,0.398831818894
605872,-9029.0,0.41113001580200004
605873,-9004.0,0.423925840352
605874,-8979.0,0.437242892971
605875,-8954.0,0.451105942673
605876,-8929.0,0.46554097451800003
605877,-8904.0,0.48057523656900003
605878,-8879.0,0.496237285789
605879,-8854.0,0.512557032221
605880,-8829.0,0.529565780701
605881,-8804.0,0.547296269175
605882,-8779.0,0.565782702599
605883,-8754.0,0.585060781168
605884,-8729.0,0.605167721489
605885,-8704.0,0.626142269067
605886,-8679.0,0.648024700281
605887,-8654.0,0.670856811751
605888,-8629.0,0.6946818947560001
605889,-8604.0,0.719544692096
605890,-8579.0,0.7454913344840001
605891,-8554.0,0.7725692532780001
605892,-8529.0,0.800827066084
605893,-8504.0,0.830314431471
605894,-8479.0,0.861081868822
605895,-8454.0,0.89318053911
605896,-8429.0,0.9266619822959999
605897,-8404.0,0.9615778069679999
605898,-8379.0,0.9979793279320001
605899,-8354.0,1.03591714768
605900,-8329.0,1.07544067811
605901,-8304.0,1.11659759942
605902,-8279.0,1.1594332541399999
605903,-8254.0,1.20398997541
605904,-8229.0,1.25030635005
605905,-8204.0,1.29841641922
605906,-8179.0,1.34834882132
605907,-8154.0,1.4001258849399998
605908,-8129.0,1.4537626823199998
605909,-8104.0,1.50926605738
605910,-8079.0,1.56663364574
605911,-8054.0,1.62585290792
605912,-8029.0,1.68690020021
605913,-8004.0,1.749739911
605914,-7979.0,1.8143236930000002
605915,-7954.0,1.8805898232099998
605916,-7929.0,1.9484627235299998
605917,-7904.0,2.01785267369
605918,-7879.0,2.0886557459599997
605919,-7854.0,2.16075398695
605920,-7829.0,2.23401586553
605921,-7804.0,2.30829699861
605922,-7779.0,2.38344115698
605923,-7754.0,2.4592815433900004
605924,-7729.0,2.53564232409
605925,-7704.0,2.61234038439
605926,-7679.0,2.68918726881
605927,-7654.0,2.76599125769
605928,-7629.0,2.8425595259099996
605929,-7604.0,2.9187003248299996
605930,-7579.0,2.9942251281700005
605931,-7554.0,3.06895068342
605932,-7529.0,3.14270091571
605933,-7504.0,3.21530863752
605934,-7479.0,3.2866170267299997
605935,-7454.0,3.3564808457099997
605936,-7429.0,3.42476738495
605937,-7404.0,3.49135712555
605938,-7379.0,3.55614412486
605939,-7354.0,3.6190361385100003
605940,-7329.0,3.6799544997300004
605941,-7304.0,3.73883378195
605942,-7279.0,3.79562127517
605943,-7254.0,3.85027630832
605944,-7229.0,3.9027694502699997
605945,-7204.0,3.9530816219199996
605946,-7179.0,4.00120314915
605947,-7154.0,4.0471327843300005
605948,-7129.0,4.09087672069
605949,-7104.0,4.13244762017
605950,-7079.0,4.17186367235
605951,-7054.0,4.209147697880001
605952,-7029.0,4.244326307430001
605953,-7004.0,4.27742912369
605954,-6979.0,4.30848807154
605955,-6954.0,4.33753673975
605956,-6929.0,4.36460981519
605957,-6904.0,4.38974258966
605958,-6879.0,4.412970538130001
605959,-6854.0,4.4343289665
605960,-6829.0,4.45385272636
605961,-6804.0,4.47157599419
605962,-6779.0,4.48753211185
605963,-6754.0,4.50175348563
605964,-6729.0,4.51427154078
605965,-6704.0,4.5251167287900005
605966,-6679.0,4.53431858449
605967,-6654.0,4.54190583025
605968,-6629.0,4.54790652437
605969,-6604.0,4.55234825081
605970,-6579.0,4.5552583467800005
605971,-6554.0,4.55666416477
605972,-6529.0,4.556593364669999
605973,-6504.0,4.555074231080001
605974,-6479.0,4.55213601026
605975,-6454.0,4.54780925974
605976,-6429.0,4.54212620315
605977,-6404.0,4.53512108116
605978,-6379.0,4.52683048876
605979,-6354.0,4.5172936879800005
605980,-6329.0,4.50655288418
605981,-6304.0,4.49465345407
605982,-6279.0,4.48164411286
605983,-6254.0,4.46757700913
605984,-6229.0,4.452507736459999
605985,-6204.0,4.43649525314
605986,-6179.0,4.41960170325
605987,-6154.0,4.40189213606
605988,-6129.0,4.38343412384
605989,-6104.0,4.364297282780001
605990,-6079.0,4.34455270578
605991,-6054.0,4.3242723200699995
605992,-6029.0,4.30352818679
605993,-6004.0,4.2823917623900005
605994,-5979.0,4.2609331445
605995,-5954.0,4.23922032547
605996,-5929.0,4.217318477180001
605997,-5904.0,4.19528928871
605998,-5879.0,4.17319037627
605999,-5854.0,4.151074780909999
606000,-5829.0,4.12899056542
606001,-5804.0,4.10698051682
606002,-5779.0,4.085081956590001
606003,-5754.0,4.063326655969999
606004,-5729.0,4.04174085013
606005,-5704.0,4.02034534182
606006,-5679.0,3.9991556828800006
606007,-5654.0,3.97818242101
606008,-5629.0,3.95743139827
606009,-5604.0,3.9369040887699995
606010,-5579.0,3.91659796323
606011,-5554.0,3.8965068700699996
606012,-5529.0,3.87662142384
606013,-5504.0,3.85692939394
606014,-5479.0,3.83741608805
606015,-5454.0,3.81806472651
606016,-5429.0,3.7988568053800003
606017,-5404.0,3.77977244705
606018,-5379.0,3.7607907385000003
606019,-5354.0,3.74189005795
606020,-5329.0,3.72304839116
606021,-5304.0,3.70424363917
606022,-5279.0,3.68545391899
606023,-5254.0,3.6666578588300003
606024,-5229.0,3.6478348891100003
606025,-5204.0,3.6289655297500003
606026,-5179.0,3.61003167367
606027,-5154.0,3.5910168654400003
606028,-5129.0,3.5719065727999997
606029,-5104.0,3.5526884477499996
606030,-5079.0,3.53335257249
606031,-5054.0,3.51389168384
606032,-5029.0,3.4943013688699995
606033,-5004.0,3.4745802225599998
606034,-4979.0,3.4547299577499997
606035,-4954.0,3.43475545638
606036,-4929.0,3.41466475105
606037,-4904.0,3.3944689258999996
606038,-4879.0,3.3741819271599995
606039,-4854.0,3.35382027528
606040,-4829.0,3.33340267394
606041,-4804.0,3.31294951453
606042,-4779.0,3.29248228021
606043,-4754.0,3.27202285888
606044,-4729.0,3.2515927808
606045,-4704.0,3.2312124031800002
606046,-4679.0,3.21090007022
606047,-4654.0,3.19067128266
606048,-4629.0,3.17053791512
606049,-4604.0,3.15050752241
606050,-4579.0,3.13058277621
606051,-4554.0,3.1107610718900003
606052,-4529.0,3.09103434102
606053,-4504.0,3.07138909887
606054,-4479.0,3.05180674787
606055,-4454.0,3.03226414861
606056,-4429.0,3.01273445977
606057,-4404.0,2.99318823824
606058,-4379.0,2.97359478101
606059,-4354.0,2.95392368207
606060,-4329.0,2.9341465700300002
606061,-4304.0,2.91423898628
606062,-4279.0,2.8941823583499997
606063,-4254.0,2.87396601802
606064,-4229.0,2.85358920868
606065,-4204.0,2.83306301936
606066,-4179.0,2.81241217353
606067,-4154.0,2.7916765881
606068,-4129.0,2.77091260143
606069,-4104.0,2.75019374838
606070,-4079.0,2.72961093765
606071,-4054.0,2.70927186354
606072,-4029.0,2.68929946667
606073,-4004.0,2.6698292550200002
606074,-3979.0,2.65100531808
606075,-3954.0,2.63297492914
606076,-3929.0,2.61588174779
606077,-3904.0,2.5998578179400003
606078,-3879.0,2.58501480408
606079,-3854.0,2.57143519803
606080,-3829.0,2.55916450347
606081,-3804.0,2.5482055835
606082,-3779.0,2.53851633333
606083,-3754.0,2.53001153364
606084,-3729.0,2.5225691334900002
606085,-3704.0,2.51604039445
606086,-3679.0,2.51026250261
606087,-3654.0,2.50507168164
606088,-3629.0,2.50031473693
606089,-3604.0,2.49585740093
606090,-3579.0,2.49158870873
606091,-3554.0,2.4874216267800002
606092,-3529.0,2.4832909517
606093,-3504.0,2.47914984478
606094,-3479.0,2.47496620757
606095,-3454.0,2.47071957237
606096,-3429.0,2.46639854197
606097,-3404.0,2.46199833847
606098,-3379.0,2.45751787958
606099,-3354.0,2.45295601199
606100,-3329.0,2.4483069816599996
606101,-3304.0,2.4435557291
606102,-3279.0,2.43867397492
606103,-3254.0,2.4336181607799996
606104,-3229.0,2.42833005498
606105,-3204.0,2.4227402470599997
606106,-3179.0,2.41677398893
606107,-3154.0,2.41035814987
606108,-3129.0,2.40342772744
606109,-3104.0,2.39593059016
606110,-3079.0,2.3878298898400003
606111,-3054.0,2.37910458131
606112,-3029.0,2.3697492687
606113,-3004.0,2.35977474616
606114,-2979.0,2.34920997242
606115,-2954.0,2.3381050491
606116,-2929.0,2.32653360783
